 -163
-12875
  2129
 -6901
-12831
  7131
 -7474
 19282
 -4857
 -8402
  4758
  4498
  8058
 12509
  9736
  4545
 -1977
  3731
  1094
 -3178
 11502
-11979
   455
   429
 11743
 -7370
   955
   553
   919
 -9616
 -9562
    84
  3419
  1889
   108
 -1773
 11594
 23066
 -7269
  2157
 -8956
  9734
 12948
 -3452
 -5980
-15295
 -6373
 14196
 22148
 -4498
-11393
 10334
  3657
 -2793
  5939
 13053
 -9621
  9736
 10664
-12704
   110
  -696
  2051
 -2431
  1941
  3772
 -2461
 -9565
 10698
   560
 17647
  7274
 -1864
   750
  1625
 23304
  1604
 -1425
-13043
-11261
 11789
 -5060
  5415
  3590
 -1774
 -6561
  -207
 -2194
 10098
 -1853
 -5529
 -3054
 -2977
   937
  3315
  4867
 -5898
-12809
 -7872
  5793
  9435
  2588
-14003
 10692
-11800
  1273
   370
 -1395
-13463
  -127
 -4738
  8561
-19946
 -8872
   938
-20028
  1295
   871
  7540
  2833
 -4978
 -7825
 -1726
 -8865
  8044
 12770
  7753
-17928
  3992
  5996
  1252
 -1867
  5631
 -5360
   490
 -2374
 15605
  5456
 10794
 -5278
 10029
 -7075
 11305
  9981
  7866
  5993
  5642
-15852
 -3483
 -5679
-18215
 -1941
  8627
 -3382
   657
  5402
 -8541
 -8923
-14509
  7359
  8128
 -4517
 -8955
   323
 11468
  7817
 -5623
 -9949
-10447
 -4457
-15970
 -1555
  7273
 -6742
  4675
 -7330
  6092
  1091
 -9948
 -9370
 14120
 -3760
 -1473
 -5862
 13482
 -1575
-10008
 -2835
 17056
    89
 -1196
  4222
 12028
 -6544
  -868
 -4996
  -868
 -6087
  4968
  4001
 -5950
-18111
  -570
-10542
  -406
 -6604
 19598
 11805
  9432
   256
  2219
   -65
   184
  4194
-13680
  9273
 -5307
 -5011
  2935
  3441
 -2931
 17789
  3105
  3200
 13026
  7994
  1300
 -4009
  3798
  3825
-12303
 -7931
 -7978
 -5411
 -9748
   -76
  2790
  9235
 -1317
  1785
-14416
 -3168
 -1321
 -7052
  2058
 -8233
  1145
  8799
-11619
 -3931
  3869
 15522
  5732
  -757
 -4083
 -6802
 -7586
 -8653
  2045
  8012
  8471
 -2907
  5492
  6982
 -3214
  3791
  -638
  5539
  2129
  6622
 -3600
   749
 -7531
  5241
  2880
-13552
 16997
-10811
  1261
  7777
-12573
-15577
 -1303
 -6038
 -6632
  5613
  -283
  -659
 -1744
  1973
 36328
   263
  9295
 -4748
  7723
  1348
 -2318
 -3520
  3946
  -478
  7586
 -2404
  -979
 -8943
 10789
-16520
-19152
 -9054
 -3606
 -7536
 13090
 11502
 -2965
 -4126
  1554
  7075
 -3664
  4887
 -6052
  3100
  3969
  1137
 -2810
  3695
 -2516
 -2762
 -8229
 -8266
 -6466
 -6343
  1080
 -1830
 16243
-13923
  4008
   473
  4013
  2955
  4479
 -2724
  4188
 -2421
  9275
  8933
 -3098
  -628
 10686
   757
 -3753
-15119
  5225
   276
 13906
-11229
   -79
 17204
-24170
 -4260
 10525
  9427
  7832
 -1211
  -442
  3471
  7552
 -2237
  4181
 -7593
 12738
-13398
  3415
 -4600
-10173
 -8232
 13340
 13458
  2528
 -4155
  6995
 -5826
 -9713
 -5896
  -851
  8711
  7445
 -5240
 10039
 -6718
 10358
   440
  4203
  7386
 -6316
-11934
  3965
  6043
  2102
  3617
  1358
  -975
 -7761
 12836
  4492
  7849
 -4642
 -6738
 -8845
  3592
  2476
 -6602
-20723
  8548
  -614
 -5913
 10852
  -981
-12422
  1188
 10951
-13872
-16713
 -3008
 -3720
 -2903
  -813
 -5958
  7312
  1520
 -3158
  4763
-18515
 17465
 12104
  5551
-15782
 -6433
 -8320
 -4001
  2042
 10268
   -14
 -8380
   444
 -1684
   242
  2217
 -8550
 -9946
 -5015
 -1206
  6115
  4136
  -186
  3572
 -5699
  2277
  1513
-10596
 -1925
 -7725
 10324
  2830
 15413
 -1286
 10074
  4156
 10309
 -6487
 16297
   210
   430
 10853
 -6571
-14023
  9976
  4013
  8335
-12248
  -725
  4803
 -8763
  1443
-14224
 -4174
 -3040
   -68
  7307
  5173
 -2024
  9235
  9516
 -3685
     0
   831
 -1583
 -3726
  5688
 -4616
  8899
   974
  -749
-12781
 -3303
  7186
  2662
 -7321
  7501
  3397
  1541
  2741
 -5563
 -8164
-14413
 -8528
 14159
 -8982
 -5197
 -4730
  2857
  5268
 -1805
  8674
-12469
   -33
   141
 -6131
  1476
 -4936
  7930
  7939
  7415
  1892
  5721
-18757
  1545
 -9083
-18057
 -1346
 12496
 -3254
 -5720
 -7535
-17824
  6903
  9371
-12284
 -7068
 -2375
  9236
 -3212
-16628
  9320
 -7153
 -5100
 12123
  5802
 12227
  4062
 13454
 -1816
  9061
  -655
 -3491
 14301
-13610
 16112
 14623
  2208
  1629
  -569
  7555
  -751
   339
  3819
 -8510
   215
 -8098
-14029
-10798
 -6933
 -6712
  5555
 12550
   507
  4556
 -3193
  9772
  1173
 -4804
 10465
 -3572
 11937
   457
-21498
 -8503
 -5746
 -3793
 11667
 -9294
 -2595
  2178
  2975
  4325
 -7003
-10633
 -5840
  8334
 16233
  3913
 -2024
 -7175
-12332
 -7675
  6126
 -4082
 -2432
  3891
 -4665
  8777
 -1593
 11043
  1312
 -2169
-10045
-13282
 -7885
  1039
  6212
 -1534
  3643
  6349
 -7359
 12411
  1150
  3652
-14376
  8991
  4445
  5756
-19104
   754
  6498
  4032
 -8404
 11984
 -4212
 10301
  4114
 -2626
  -773
-17518
  6831
-12707
 -6191
-13858
 -6617
  -190
 12826
 -1433
  5516
  2673
  3584
  9197
  2262
  5272
 -3659
  -550
  7740
 -5950
  4549
 10463
  8709
 -2803
 13580
 12434
 -1730
 -2179
  1590
-22606
  1496
   926
  2838
 -2507
  6494
 21540
  8755
   611
  5887
  6319
  2624
 -6520
 -4249
 -9880
  -381
 -6021
  8452
-10914
  3503
 13068
 -3986
   601
 -8079
  9353
 -6087
 -1384
 -2648
 -7225
 -1497
  9982
 -8675
 22176
 -1201
  4525
  4720
 -2332
  4705
 -1088
  6508
-10422
 -1261
 -5326
  1012
-11434
 -3440
 11726
  -419
  3828
   797
  2770
 -9967
 -2184
 -9919
-11879
-21339
 -1016
 -8478
 -1901
  -651
 19937
  1035
  7611
  8433
 21572
  9274
 -6807
  4509
     5
  1928
 10967
 -5629
 -4765
  6926
  9593
 -4904
  4985
-10228
 11087
 17102
 -7242
 14625
    98
-11987
 -5880
 -8276
  4537
  9056
-10617
 -5129
 13235
 -4251
  -278
  3614
 -3161
   596
  8024
-17506
  5783
 17289
-10160
 -7714
 -8410
 -5573
 -6787
 -8800
  1154
 15895
-10725
 -7356
 -3628
 13072
   -83
  -444
 -2018
  5058
 -6641
 -9772
 -6494
 -2613
 -7809
 -5695
   474
  1343
 -1331
 -6641
 -3935
 -5062
-14465
 12050
 12839
 15629
  2211
-17662
-15181
   881
  7662
  1808
 -7998
  1551
  9214
  3286
  5538
-13031
   670
 10224
 -6815
  3994
 -8606
 10478
 -5052
 -1848
 -5372
 -6575
 -2078
 -2372
 10332
 -7864
 -3016
 -9853
-10288
-12003
 15446
   -41
 -2681
 -4746
-12199
 -8314
  2826
  -901
-11105
  9240
  4486
 -3387
  1850
  1918
  6720
 -4873
 -9109
  8096
 -5302
  9108
-17093
  1948
  4765
 11662
 -1509
-10008
  8613
 -5445
 -5115
 -1569
 -3963
  7153
  1694
  4566
 -2076
  8050
 11793
 13608
  6463
  1222
  8753
   622
-10849
-11013
  6269
  1712
 14393
 -2613
 -1632
 -4355
  2798
 -5231
 -7713
 -7680
 -4856
  5309
 -5106
-10591
 10580
  -879
 -3134
 -3901
 -3334
 -6339
 17532
-11278
  1000
  4593
 -8368
   -83
-11783
  3647
  1233
  2311
   190
 -6871
 -5016
 -9545
 -7370
 -1414
  -987
 -4152
 -6078
 12260
 -5693
 12043
 -8534
  -114
-11238
  1845
 11823
 -1206
   353
  9840
 11703
 -3352
  -810
  3493
  -430
-10549
  2070
 -1245
  2565
  6952
 -4955
 13939
  -266
 -8566
 14292
  6546
 12299
 -5719
   605
-12467
-14218
 -7374
 10826
 14138
  6114
 -6564
  6947
 11932
  5536
  7613
 10075
  5511
 -2470
  8579
  2090
 -3380
 12795
 11206
 -4509
-10818
-11254
  4376
  7803
 -3620
  1040
  4583
  1458
  2549
 -1913
 -3098
  2308
-12073
  8242
-10339
 -7685
 -4879
 -5909
-13784
  6812
-11064
  1354
   155
   267
  3965
 -4195
  8688
  4579
 15257
 -5380
   900
 -8951
-13426
-12582
-11651
  9596
 -4434
-14909
 -2971
 10402
-13821
 -5857
 -1576
 -5808
 13810
 12413
 -3221
  2112
 11176
 -1477
 -8421