-6960
  2052
 -3375
-11848
 -5727
  4671
 -2346
 10066
 -2001
 22131
 -3687
 13152
 -8791
 -7086
 -3631
  9999
 14446
 -4693
 -6295
  8053
 -3018
 13186
  -569
 -3312
  3720
  2990
 -3404
 -5830
  8847
  -618
 -7497
  4566
  3854
  -886
 -4472
 -2839
  4969
 -8202
 17981
  9852
  1319
 -2088
  3495
-11335
 -8178
 -1554
 -6725
-15714
-14384
 -1623
  3230
 11746
  8758
  4391
 -9354
-12106
 -1262
-10362
 -1374
  1409
 -5156
-11774
  1274
  -450
 -6670
  1038
 -6970
 11950
   644
  9206
  4545
  3886
  6193
  9926
 -1161
 16607
  1526
 -8790
 -3766
-12719
  8643
 -7769
 -9475
 -4352
  1194
 -7161
-14785
 13893
 -7893
  -448
   183
  4528
 -6463
-12628
 -5428
-10078
 -2741
 11819
-15718
  8756
 12983
 -7532
  7037
 -8185
  2060
  1649
 -4460
  9079
  2440
 10840
  6719
  8693
 -3207
  9267
 14928
 -7691
 -6220
  2575
 -2457
   156
  5011
  5273
  5214
 -7659
 -2123
  9957
  8020
  3855
 -7895
 -9426
  -372
  4662
  7862
 -3373
  1880
  1311
 -7688
-13154
 -8601
  3802
 16686
 -1542
  -928
 -3872
  9774
 -3278
 -3175
 -5687
 -5805
 -6749
 11329
-11967
  3521
 -8311
 -1422
  5014
-13918
 -7940
  2792
  -247
 -4474
 12302
  -521
  5658
 -9269
 -9595
 16097
 -3611
   674
  1487
 -2394
  5923
 13472
 -9184
 14544
 10640
 -3560
-15200
   405
  4730
  9003
  2692
 15818
 13568
 -1805
 -3231
 -2070
 -5204
 -4973
  3695
 10633
 12583
 11375
-10094
 11465
  -577
  6959
 10094
 -6897
 -2955
-11176
 19720
 -2653
  4899
-10153
  4288
 -2484
  2455
 -2187
-15702
  1618
-13398
  7118
-10377
  1067
 -8178
  3902
 34726
 -3438
-10235
 12136
 -5448
 -5983
  2035
 -2681
 -3003
 -9567
  9378
   222
 -7917
 -2978
 -6485
-14040
 13757
 -9247
 -2333
 13742
  -210
  6075
  6255
 -2849
-10835
 13784
-10546
  3038
  4025
  8403
 -6486
-10304
 17954
 -6503
  7066
 -3607
-13204
  8289
  1815
   105
 -1140
  4166
  4709
  3385
    27
 20618
  -234
 -2049
  9322
  4113
  2703
  5442
 -6494
-15655
  9942
 11421
 -6613
-15951
 -7854
   417
  -632
  5749
   139
 -2706
 -6916
  1406
-11232
  1921
  4634
 -1944
  -108
 -1893
 12361
  7866
  5769
 -9193
  3559
  6648
 -2039
-10529
-18999
 13177
  3522
  7713
  3075
 -8372
 -2277
  6954
 -8111
 -5927
 -5638
  -872
  4098
 -5546
 -1310
 -3685
   819
  6280
  5484
 -9895
 -5613
 -4620
  4829
 14587
 11044
  1610
 -3062
 -4850
 -2779
 13228
 -6416
 -2611
  1796
 -1412
-16988
-12246
 -9215
  4287
 -2130
 -2192
 32306
-12415
-12640
 -5851
 -2288
-11145
  1458
 -1503
 -9565
  -706
-12252
 16373
 12377
 -2675
  1317
-15489
 -2468
 -8068
  8177
 14822
 15813
 -3051
   529
-10569
  -493
-18647
 -5658
 -6203
  5778
 -6060
 -9629
-20356
 -1884
-22959
 -5673
 -5831
  6046
 -5176
  4613
 -9530
 -8011
 -2932
  -360
  5748
-13715
 -7900
 16007
  8010
 -4217
  2633
 -1624
  1180
  -143
  -605
  4229
 -7792
  9578
 10024
-17674
  2996
 -2735
-12403
  2786
-17415
 -4595
 -2548
 -3216
-10132
 -9253
 -2544
 -6246
 -5039
 -9927
  4561
 -3695
 -9313
  3395
  7384
 13832
-12147
 12885
 -3339
  1520
 -6771
  8983
  1641
  1416
  -505
 -3393
  1301
 21499
 -4247
  -422
 -4453
  -414
 -8029
 -5953
 -4763
   953
  -879
   563
-19270
 -1634
 14315
  6031
 18370
 -9657
 -6040
    10
  -236
 19474
  5874
-11818
  1300
     5
 -2731
 -3567
  3938
 12586
 -3886
  9655
  2881
  3013
  6775
 -3922
-11069
 16690
 -1031
 -6315
 -9314
 -1557
  2125
  7922
 -1341
  7258
 -4578
   785
-12411
  3894
  2573
-13587
 -1050
  3343
  -281
  8517
 -6437
  1115
 10975
-18506
 -5443
-12211
-14131
  6506
  2117
  -708
 -6816
  3721
 -3967
 12873
-11726
 -4689
  3307
 -3544
 -4393
 -3380
-12633
-21831
  1027
 15798
 11377
    69
  -900
 -2456
 -3319
 -7612
 -9621
  6604
 10024
 -2275
  5720
  -134
 15182
  7615
  6133
-18642
 14576
    -5
 -2056
  7910
 -1510
  3419
  2480
  5945
-13711
  1537
  4844
  5952
 11639
  4603
 10993
-16127
 -6323
 -5123
 10178
 -4552
-13625
 -6176
  6198
  5576
   803
 -2268
  -403
  4983
 -6730
 -4266
  3409
 18102
    33
 12398
 -4476
 -7320
  6215
-10192
  -251
  3155
 -5164
 -9306
-18862
  3897
  3879
 -5010
-10236
  2062
 11307
  4814
 -1800
  5883
 -4773
 -7977
 -5538
-12002
 -6377
 -4681
-13338
  8290
  9897
  1183
  6009
 -1852
  4924
-21009
 -2148
  7699
  1905
 10662
 -6730
-11852
 -1647
 -8459
  6477
  9220
  5952
  9240
  1892
 -2823
 -5269
  5525
 -3143
 -5723
  5339
 -2313
 -7058
 -4134
  6140
 -2754
-12059
  4915
-17120
  -502
  9075
  8366
  7410
-19495
 -3727
  9537
  -410
 14964
 -3316
 -2961
 -7649
   564
   442
  1144
 -8382
 10659
  -728
-20877
 -6128
 15667
 -1794
  -168
   140
-12055
-10072
-10245
 10095
  1084
   619
  8880
 -4525
   156
  3492
 10122
 -4210
-17332
   949
-18236
-12068
-17684
  5923
 18183
 -3046
  3866
-12572
   -88
  3520
 18167
 -1044
  2562
-11431
 -1254
 -7767
 -5864
 -7936
 -5012
  7375
-10042
  2434
  4583
-10141
 -3055
 -6113
  9816
  6224
 12152
  -847
 -5330
 23819
 -2992
 12958
 -4332
 -2554
 -7157
  3663
 10104
 -4663
 -3794
 15273
 -6455
 11539
 -4652
  -635
-15447
   -74
  4498
 -3941
  6848
  5657
  6951
 -1910
  5524
   679
  4815
  3174
 -8333
   -97
  -598
  6482
  -409
  8201
 14980
 13615
  8448
  3680
 14608
  4571
 11613
-11921
  1515
 16261
 -3532
 -9217
  -469
 -1831
  -571
 -1108
-12369
 17240
 -7414
 21283
  4069
 19606
  6124
  3188
-15340
  6918
-10740
  4299
  -974
  2268
  5252
 -9771
 13185
 -6456
   853
  2760
 11043
 -3811
 16518
  2676
  6358
-10720
 -9346
-10781
 -6440
 -2686
 12467
  4556
 11101
 -4711
 18875
 11690
-10686
  3125
  6010
  -800
  2981
  3312
  4770
  9163
  3072
 -1438
  2475
  6790
  7416
  6381
 13929
   -16
  -578
  -134
 -1445
-15244
 -2868
 11734
  2746
  7082
 -6073
 -6019
 -3303
 -3805
 -1517
 -1454
 -5031
 -8457
 10475
  7940
-12030
  5319
 12506
  4563
  4563
 14823
  -171
  4251
-10638
  8578
  3577
-12527
  6238
  1683
  7446
 -4756
 -3092
 11200
-13126
 -7751
 -3581
 -5160
  -191
   -30
  3500
  2806
  6185
  1488
  1759
 -7901
 -3399
 -4625
 -2449
  3228
 -8542
-16503
-14122
  -693
  6999
 20310
 -1599
 -4404
 12001
  9461
  6380
  9155
  6178
-12712
  -402
  2757
-10371
  3987
  3776
  8628
  8034
-19884
 -1730
-12137
 -2314
  -149
 -4860
  7873
  4176
 12782
  -994
  2727
 -9548
 -2713
  5626
   263
 12282
  8384
  6838
  6463
 12502
  4923
  -127
 -3230
 -2173
 -5246
-18656
 -5902
  5927
 -1155
 -9912
 21444
  4094
 -6428
 -4415
 -2769
 -1630
  5281
  5320
  3557
 13793
  4893
 -2996
-20260
  6522
 10284
  2014
  2688
 -2166
 -3477
 -9337
 -2100
 -1205
-14478
 10892
 -6014
 14102
 11525
 10357
-12464
  5282
  4982
 -4515
   249
 17677
 -7430
  8009
  4051
 -6752
 -9489
  9419
 10101
   654
 15054
 -4636
-21780
  -293
  1881
 -3308
 -4989
 -2669
 -3043
  6570
-12873
   476
  5677
  2847
 -5312
 13862
 16258
 -6168
 -7041
 18608
  1832
 -6219
 -2610
  1890
 -3209
 -5848
  4884
 -2081
   481
  1047
  1602
  5379
 -4817
  1113
  6317
 -4722
  6271
  5727
-14342
  4971
 13837
 -6492
  6354
 -8131
 15917
-11776
  3289
 -3898
  3173
-14287
 -1991
 -7444
 -6636
 11427
 11437
  -384
 -7818
 14108
  2451
  5232
   547
-10237
  1700
  1258
 -4994
 -1555
 -4598
  -924
 -7535
 -8738
 -5951
  4428
 -4357
  1087
  6901
 -5430
-11518
-18079
  4742
 -9546
  5083
-10799
  5211
-13198
 -1436
 -3649
 -1243
 -4393
  1701
  1446
  2438
 11324
 -8420
  2456